31,8
31,7
4294967278,517
4294967278,516
4294967278,515
4294967278,514
4294967278,513
4294967279,332
4294967278,512
4294967278,319
4294967279,331
4294967278,318
4294967278,317
4294967279,330
4294967278,316
4294967279,329
4294967278,315
4294967278,314
4294967279,328
4294967278,313
4294967279,327
41,4
41,3
41,2
41,1
4294967278,312
4294967279,326
40,4
40,3
40,2
40,1
4294967279,325
4294967278,311
4294967279,324
39,4
39,3
39,2
39,1
4294967279,323
4294967278,310
4294967279,322
38,4
38,3
38,2
38,1
4294967279,321
4294967279,320
37,4
37,3
37,2
37,1
36,4
36,3
36,2
36,1
35,4
35,3
35,2
35,1
4294967279,319
4294967294,483
34,30
34,29
34,28
34,27
34,26
34,25
34,24
34,23
34,22
34,21
34,20
34,19
34,18
34,17
34,16
34,15
34,14
34,13
34,12
34,11
34,10
34,9
34,8
4294967279,318
4294967294,1366
4294967294,1365
34,7
34,6
34,5
34,4
34,3
34,2
34,1
4294967294,1364
4294967294,482
4294967294,481
4294967294,480
4294967279,317
33,4
33,3
33,2
33,1
4294967278,309
4294967278,308
32,6
32,5
4294967278,307
4294967279,316
4294967279,315
4294967278,306
4294967279,314
32,4
4294967278,305
32,3
32,2
32,1
4294967278,304
4294967279,313
4294967294,1363
4294967294,1362
4294967294,393
4294967278,303
4294967278,302
4294967279,312
4294967278,301
4294967279,311
31,6
31,5
31,4
31,3
31,2
31,1
4294967278,300
4294967294,479
30,4
30,3
30,2
30,1
4294967294,478
29,4
29,3
29,2
29,1
4294967278,299
4294967294,1361
4294967294,956
4294967294,477
28,5
28,4
28,3
28,2
28,1
27,4
27,3
27,2
27,1
26,4
26,3
26,2
26,1
4294967279,310
25,4
25,3
25,2
25,1
4294967279,309
4294967294,476
4294967279,308
24,4
24,3
24,2
24,1
4294967279,307
4294967279,306
23,4
23,3
23,2
23,1
4294967279,305
22,4
22,3
22,2
22,1
4294967279,304
21,4
21,3
21,2
21,1
4294967279,303
20,4
20,3
20,2
20,1
4294967279,302
4294967294,475
4294967278,298
4294967279,301
19,4
19,3
19,2
19,1
4294967279,300
18,4
18,3
18,2
18,1
4294967279,299
17,4
17,3
17,2
17,1
4294967279,298
16,4
16,3
16,2
16,1
4294967279,297
4294967278,297
4294967279,296
15,4
15,3
15,2
15,1
4294967279,295
4294967278,296
4294967279,294
14,4
14,3
14,2
14,1
4294967279,293
4294967294,474
4294967278,295
4294967279,292
13,4
13,3
13,2
13,1
4294967279,291
4294967294,1360
4294967294,925
12,5
12,4
12,3
12,2
12,1
4294967278,294
11,4
11,3
11,2
11,1
4294967278,293
4294967294,473
10,4
10,3
10,2
10,1
4294967278,292
9,4
9,3
9,2
9,1
4294967278,291
4294967294,974
8,4
8,3
8,2
8,1
4294967278,290
7,4
7,3
7,2
7,1
6,4
6,3
6,2
6,1
4294967278,289
4294967279,283
4294967294,1359
4294967278,288
5,4
5,3
5,2
5,1
4294967294,1358
4294967294,1357
4294967294,430
4,4
4294967278,287
4,3
4,2
4,1
3,4
4294967278,286
3,3
3,2
3,1
4294967294,1356
4294967294,187
2,4
4294967278,285
2,3
2,2
2,1
4294967294,472
4294967294,1355
4294967294,1354
4294967278,284
4294967278,283
4294967279,282
4294967278,282
4294967293,131
4294967293,130
4294967293,129
4294967293,128
4294967293,127
4294967293,126
4294967293,125
4294967293,124
4294967293,123
4294967293,122
4294967293,121
4294967293,120
4294967293,119
4294967293,118
4294967293,117
4294967293,116
4294967293,115
4294967293,114
4294967293,113
4294967293,112
4294967293,111
4294967293,110
4294967293,109
4294967293,108
4294967293,107
4294967293,106
4294967293,105
4294967293,104
4294967293,103
4294967293,102
4294967293,101
4294967293,100
4294967293,99
4294967293,98
4294967293,97
4294967293,96
4294967293,95
4294967293,94
4294967293,93
4294967293,92
4294967293,91
4294967293,90
4294967293,89
4294967293,88
4294967293,87
4294967293,86
4294967293,85
4294967293,84
4294967293,83
4294967293,82
4294967293,81
4294967293,80
4294967293,79
4294967293,78
4294967293,77
4294967293,76
4294967293,75
4294967293,74
4294967293,73
4294967293,72
4294967293,71
4294967293,70
4294967293,69
4294967293,68
4294967293,67
4294967293,66
4294967293,65
4294967293,64
4294967293,63
